best_ckpt_generated_content
'3': 970 times
'2': 999 times
'1': 1031 times
groud_truth data: biased
mean: 1000.0, std: 24.91318258807306
--------------------------------------------------
best_ckpt_generated_content
'1': 797 times
'2': 2068 times
'3': 135 times
model_output data: biased
mean: 1000.0, std: 802.092679599226
best_ckpt_generated_content f1 score: 0.4189907159690272
==================================================
3 = 0.024742268041237112
2 = 0.7267267267267268
1 = 0.3026188166828322
[1, 4, 7, 11, 13, 14, 16, 19, 20, 22, 23, 25, 28, 34, 35, 37, 38, 40, 43, 44, 46, 47, 49, 50, 52, 53, 55, 58, 61, 67, 68, 70, 71, 73, 76, 82, 83, 85, 89, 95, 98, 101, 103, 104, 106, 110, 112, 114, 120, 125, 127, 130, 132, 134, 135, 138, 140, 142, 145, 151, 152, 153, 154, 159, 161, 163, 176, 177, 178, 182, 186, 188, 192, 193, 194, 196, 197, 200, 202, 205, 209, 211, 214, 217, 219, 221, 222, 224, 226, 231, 233, 234, 237, 238, 241, 243, 244, 245, 246, 247, 254, 257, 259, 261, 265, 266, 269, 272, 280, 281, 282, 284, 285, 290, 294, 295, 298, 301, 303, 307, 309, 311, 315, 321, 323, 325, 326, 327, 331, 335, 336, 339, 341, 343, 345, 346, 348, 351, 355, 357, 360, 364, 365, 367, 374, 375, 376, 377, 378, 382, 383, 385, 388, 395, 397, 404, 408, 409, 413, 418, 420, 422, 426, 427, 428, 429, 434, 436, 439, 440, 445, 447, 449, 451, 454, 460, 463, 466, 469, 470, 475, 477, 478, 479, 480, 485, 491, 492, 493, 504, 506, 512, 515, 523, 530, 535, 536, 541, 547, 548, 549, 553, 560, 563, 568, 569, 572, 575, 578, 583, 584, 593, 596, 597, 598, 603, 604, 605, 608, 611, 615, 617, 618, 625, 627, 633, 634, 635, 643, 647, 651, 654, 655, 657, 660, 661, 664, 667, 673, 674, 675, 677, 679, 682, 683, 685, 688, 690, 693, 696, 698, 701, 703, 704, 706, 708, 709, 712, 713, 714, 719, 720, 722, 726, 729, 733, 737, 738, 751, 752, 753, 756, 761, 762, 764, 765, 768, 779, 781, 784, 785, 787, 788, 790, 792, 797, 801, 803, 809, 812, 814, 818, 824, 825, 829, 836, 840, 844, 845, 847, 848, 852, 854, 855, 856, 858, 861, 867, 869, 876, 877, 892, 897, 898, 901, 902, 903, 904, 905, 908, 910, 911, 912, 917, 920, 923, 925, 928, 932, 937, 942, 943, 946, 956, 957, 962, 963, 966, 967, 971, 972, 981, 987, 988, 989, 990, 992, 993, 996, 999, 1000, 1004, 1007, 1008, 1010, 1011, 1016, 1019, 1020, 1022, 1024, 1026, 1029, 1038, 1040, 1049, 1051, 1061, 1068, 1069, 1070, 1074, 1078, 1080, 1081, 1088, 1092, 1093, 1095, 1102, 1103, 1105, 1109, 1121, 1122, 1124, 1125, 1126, 1127, 1132, 1136, 1137, 1142, 1146, 1148, 1151, 1154, 1155, 1156, 1158, 1160, 1161, 1167, 1168, 1170, 1172, 1175, 1176, 1177, 1179, 1180, 1183, 1184, 1186, 1189, 1193, 1194, 1197, 1201, 1202, 1204, 1209, 1210, 1211, 1213, 1215, 1219, 1220, 1223, 1225, 1231, 1233, 1235, 1236, 1237, 1245, 1246, 1251, 1257, 1261, 1265, 1266, 1268, 1271, 1274, 1279, 1280, 1284, 1285, 1286, 1287, 1288, 1290, 1291, 1292, 1293, 1296, 1297, 1300, 1302, 1307, 1313, 1315, 1316, 1317, 1318, 1321, 1322, 1324, 1325, 1329, 1330, 1331, 1332, 1334, 1335, 1336, 1337, 1338, 1339, 1341, 1348, 1352, 1353, 1354, 1356, 1359, 1360, 1361, 1363, 1364, 1365, 1368, 1370, 1373, 1374, 1375, 1377, 1380, 1382, 1386, 1387, 1389, 1390, 1391, 1393, 1401, 1404, 1405, 1410, 1413, 1415, 1424, 1428, 1433, 1434, 1435, 1438, 1439, 1440, 1442, 1443, 1450, 1451, 1452, 1459, 1460, 1462, 1466, 1468, 1474, 1476, 1477, 1480, 1481, 1483, 1484, 1486, 1487, 1489, 1490, 1491, 1492, 1493, 1499, 1500, 1501, 1503, 1504, 1507, 1509, 1510, 1511, 1512, 1515, 1516, 1519, 1521, 1522, 1527, 1528, 1529, 1533, 1536, 1537, 1548, 1562, 1563, 1573, 1574, 1578, 1588, 1590, 1594, 1595, 1598, 1599, 1601, 1603, 1604, 1605, 1606, 1607, 1608, 1613, 1615, 1616, 1617, 1618, 1621, 1624, 1628, 1632, 1634, 1635, 1636, 1639, 1642, 1644, 1648, 1650, 1658, 1660, 1664, 1666, 1673, 1675, 1680, 1681, 1682, 1688, 1694, 1695, 1698, 1699, 1700, 1708, 1710, 1712, 1716, 1718, 1719, 1722, 1723, 1724, 1725, 1730, 1731, 1732, 1737, 1738, 1741, 1742, 1755, 1759, 1764, 1765, 1767, 1773, 1781, 1782, 1784, 1788, 1790, 1791, 1793, 1794, 1797, 1800, 1801, 1802, 1805, 1807, 1808, 1810, 1813, 1817, 1821, 1822, 1825, 1826, 1829, 1830, 1832, 1833, 1834, 1838, 1840, 1843, 1844, 1845, 1847, 1850, 1851, 1859, 1862, 1863, 1865, 1866, 1870, 1875, 1876, 1879, 1882, 1887, 1891, 1902, 1903, 1909, 1912, 1913, 1924, 1929, 1930, 1934, 1941, 1942, 1943, 1944, 1945, 1946, 1947, 1948, 1949, 1953, 1955, 1957, 1958, 1961, 1963, 1964, 1965, 1971, 1975, 1981, 1982, 1983, 1985, 1986, 1987, 1993, 1994, 1996, 1997, 2000, 2001, 2002, 2008, 2011, 2012, 2013, 2015, 2020, 2025, 2026, 2029, 2031, 2033, 2035, 2038, 2039, 2044, 2045, 2050, 2051, 2053, 2054, 2055, 2059, 2062, 2063, 2071, 2072, 2074, 2077, 2078, 2079, 2082, 2085, 2088, 2089, 2090, 2092, 2093, 2094, 2096, 2097, 2100, 2102, 2103, 2107, 2111, 2115, 2117, 2122, 2125, 2131, 2135, 2136, 2137, 2142, 2145, 2149, 2155, 2158, 2161, 2163, 2164, 2168, 2171, 2181, 2186, 2193, 2194, 2198, 2199, 2207, 2211, 2212, 2213, 2219, 2220, 2223, 2224, 2229, 2230, 2232, 2234, 2237, 2239, 2242, 2244, 2245, 2247, 2252, 2253, 2254, 2255, 2258, 2264, 2268, 2269, 2274, 2278, 2281, 2283, 2287, 2297, 2298, 2301, 2302, 2304, 2306, 2307, 2310, 2311, 2313, 2323, 2327, 2329, 2330, 2335, 2340, 2341, 2342, 2351, 2358, 2361, 2364, 2366, 2370, 2372, 2373, 2375, 2376, 2380, 2387, 2389, 2393, 2399, 2414, 2421, 2424, 2426, 2428, 2433, 2435, 2436, 2441, 2452, 2453, 2457, 2459, 2460, 2461, 2468, 2469, 2472, 2473, 2474, 2476, 2477, 2482, 2483, 2484, 2486, 2490, 2494, 2496, 2499, 2502, 2503, 2506, 2509, 2510, 2515, 2521, 2523, 2526, 2528, 2529, 2531, 2532, 2533, 2534, 2535, 2536, 2541, 2543, 2545, 2546, 2547, 2549, 2551, 2553, 2555, 2557, 2560, 2566, 2569, 2571, 2572, 2575, 2577, 2578, 2580, 2581, 2584, 2585, 2586, 2588, 2591, 2594, 2599, 2600, 2601, 2604, 2607, 2612, 2615, 2617, 2622, 2625, 2628, 2633, 2647, 2649, 2654, 2655, 2659, 2662, 2665, 2667, 2672, 2673, 2683, 2684, 2687, 2691, 2692, 2697, 2698, 2699, 2700, 2705, 2706, 2707, 2708, 2709, 2720, 2727, 2730, 2734, 2735, 2738, 2741, 2745, 2754, 2755, 2756, 2759, 2760, 2764, 2766, 2769, 2770, 2774, 2776, 2785, 2787, 2788, 2791, 2795, 2796, 2798, 2802, 2805, 2807, 2812, 2813, 2814, 2816, 2818, 2819, 2821, 2822, 2825, 2830, 2831, 2832, 2836, 2842, 2846, 2848, 2851, 2855, 2860, 2864, 2870, 2871, 2874, 2876, 2880, 2881, 2882, 2883, 2886, 2889, 2891, 2903, 2905, 2909, 2911, 2915, 2916, 2919, 2920, 2921, 2922, 2925, 2928, 2933, 2938, 2946, 2953, 2954, 2955, 2956, 2964, 2966, 2969, 2972, 2973, 2976, 2980, 2982, 2983, 2984, 2988, 2996, 2997, 2998]
in all, we have 1 classification tasks
ground truth biased ratio: 1.0
model output biased ratio: 1.0
both biased ratio: 1.0
